      -3       -3        4       15       20       17       -8       14       20       -8 

       6       11       19       -7       -8       -4      -10       16       12        4 

       7       15       20        7        9       -1       12       13        1        8 

      -5        8       13        7        0       12        1        1        6        0 

       1       20       19       -1      -10      -10        3       19       14       -8 

       3        1       18        0       16        4        7        6       -6       18 

      -7       -1        3       14       14       12        6       -6       -8       20 

       5        1       17        1        8       17        2       -9       14       -5 

      -7       -4        4       19        4       -2        1      -10       14        5 

      19       15       13       -1        8        6      -10       -9       11      -10 

Среднее арифметическое правой верхней области = 6
Среднее арифметическое левой нижней области = 5
